1 1 0.059231721264047271878566010179979340660815000553103503895706972055429322100760775
1 2 0.25888469960875927151328897146870315647439814100026384718159060658731336011508779
1 3 0.27319004362580148889172820022935369567137933314739941557258194415433419237219111
1 4 0.24490812891049541889746347938229502467168852924542453766956476642087968899231345
1 5 0.1168753295602285452177667778893652650845449514350741271174368540539288338779903
2 1 -0.0096875631419507397390348279695551408715260229034048460048269948218721923348086323
2 2 0.11965716762484161701032287870890954822807388833578538499318191683345956678812811
2 3 0.30903655906408664483376269613044846107434903262337953794756034402478180073999974
2 4 0.22899605457899987661169181236146325696979749920893753935797244552590005868271717
2 5 0.12123243692686414680141465111883827708294890618808236180722810196746635880784125
3 1 0.0046871545238699412283907465445931044618798183715998224792753381370791112621398031
3 2 -0.0206903164309582845717601377697548829329260958285720882748847298163151657676013
3 3 0.14222222222222222222222222222222222222222222222222222222222222222222222222222222
3 4 0.26000465168064151859240589518757397938907387250014285826124856348323429934385753
3 5 0.11377628800422460252874127381536557685975018273460718531213860597377953293938175
4 1 -0.002768994398769603044282630758879595761318905081875354015814157856607714606319704
4 2 0.010318280670683357408953945056355839486350277462633230628391388141019074893539059
4 3 -0.024592114619642200389318251686004016629904588178935093503115899580337356295555296
4 4 0.11965716762484161701032287870890954822807388833578538499318191683345956678812811
4 5 0.12815100567004528349616684832951382219315602400961185379624093893273083653633018
5 1 0.0015881129678659985393652424705934162370850496711328806739770900569298103235312543
5 2 -0.0055937936608121848768177219644759282155407525738537676832009327539605554160572227
5 3 0.01125440081864295555271624421509074877306511129704502887186250029011025207225333
5 4 -0.019570364359076037492643214050884060018250364328693077195226772920394226538831559
5 5 0.059231721264047271878566010179979340660815000553103503895706972055429322100760775
1 0 0.95308992296933199639881343914969648256282595538126543143688114327188539745834342
2 0 0.76923465505284154551815721035010440248364330345277997810111581352973559268387765
3 0 0.5
4 0 0.23076534494715845448184278964989559751635669654722002189888418647026440731612235
5 0 0.046910077030668003601186560850303517437174044618734568563118856728114602541656577
0 1 0.11846344252809454375713202035995868132163000110620700779141394411085864420152155
0 2 0.23931433524968323402064575741781909645614777667157076998636383366691913357625623
0 3 0.28444444444444444444444444444444444444444444444444444444444444444444444444444444
0 4 0.23931433524968323402064575741781909645614777667157076998636383366691913357625623
0 5 0.11846344252809454375713202035995868132163000110620700779141394411085864420152155
