1 1 0.1462148678474935066496872451240424484222192797275868806493283739005912
1 2 0.1537752314791824686681235708817509749471679470925092120249395200826414
1 3 -0.0364445689051280895266502021984833059196542113999836862488610038352619
1 4 0.02123306311930471942150766291977285223079290702336338370827648315534156
1 5 -0.007935579902728777532622279041457828569636752748445220578930873303312207
2 1 -0.02673533110794557187769796535275160121178733853905215668626849520886242
2 2 0.07299886431790332430556853377813742600416303977791618576064417803395536
2 3 0.01867692976398435441224735480208825985277357532721958811354712936151222
2 4 -0.01287910609330643985364694983829855156550292667006166819788293177791936
2 5 0.005042839233882015206650219164940088155431595702728656876509619591314203
3 1 0.2989671294912834793983034551787568732801505159025295242700743391882957
3 2 0.1400630456848098715137557368144872671248133759532002025316607563677619
3 3 0.1675850701352489634420614091615786059678990371149807836145518968915344
3 4 -0.03396910168661774657192214164342377716906125708519661468676579243419936
3 5 0.0109442887441922522744992091515182794896309680112573565962917999866073
4 1 0.2765000687601592275559343883292666030587350201919492433391326345245496
4 2 0.1448943081095347575366006470932021090104784063751369173861879983083056
4 3 0.3257979229104210299849289728109192952941834538972777768666491195885688
4 4 0.1287567532549097611582383674917970751612741989350715902263423288557814
4 5 -0.01570891737880532838778945685006531578629305681221019741750758127720543
5 1 0.2813560151494620601921726503406598912000029926673730685417248536503323
5 2 0.1437135607912259413234122198541102271589229617318815548518143191900018
5 3 0.3118265229757412540818549115766405219880607686340909272261440347672242
5 4 0.2231039010835707444025602182285893596530132769666543380015996700743039
5 5 0.04000000000000000000000000000000000000000000000000011137871712231813765
1 0 0.2768430136381238276800459976856251411108891696950305695547525
2 0 0.0571041961145176821931211925541156212350779455987506058665495
3 0 0.583590432368916820056697668662917248693432639896771252325813
4 0 0.8602401356562194478479129188751197667383780225872253304008045
5 0 1.0
0 1 0.2813560151494620601921726503406598912000029926673730685417248536503323
0 2 0.1437135607912259413234122198541102271589229617318815548518143191900018
0 3 0.3118265229757412540818549115766405219880607686340909272261440347672242
0 4 0.2231039010835707444025602182285893596530132769666543380015996700743039
0 5 0.04000000000000000000000000000000000000000000000000011137871712231813765
